 Test: heng2017 (analytic solution)
    i  number_density
    1   0.2454210E-04
    2   0.2454210E-02
    3   0.1468134E-01
    4   0.9828399E+00
    Test: heng2017  
    i  number_density
    1   0.2368538E-04
    2   0.2368538E-02
    3   0.1468220E-01
    4   0.9829256E+00
    Test: venot2019 
    i  number_density
    1   0.2439358E+19
    2   0.1768480E+12
    3   0.1639764E+16
    4   0.1759742E+09
    5   0.1173263E+08
    6   0.1698742E+16
    7   0.4869212E+10
    8   0.8098945E+09
    9   0.1882146E+05
   10   0.1893580E+12
   11   0.6643616E+17
   12   0.9931152E+13
   13   0.3199545E+10
   14   0.6266246E+10
   15   0.3139109E+05
   16   0.5676008E+03
   17   0.2058723E+15
   18   0.4201000E+18
   19   0.8772991E+10
   20   0.1801193E+11
   21   0.1983054E+12
   22   0.1792792E+08
   23   0.6232014E+08
   24   0.3036113E+11
   25   0.3169433E+06
   26   0.6902159E+05
   27   0.4032274E+07
   28   0.3282158E+05
   29   0.6572198E+04
   30   0.1170298E+03
